camera_matrix:
- - 534.9587220957784
  - 0.0
  - 323.26290938189356
- - 0.0
  - 535.7934547207758
  - 229.6815418834154
- - 0.0
  - 0.0
  - 1.0
dist_coeff:
- - -0.23544715631554444
  - 0.6541156597860865
  - 0.002101241404151911
  - -0.0013274153304063696
  - -1.2748118898363991
